78
53
21
96
80
7
40
60
21
81
10
69
24
61
39
76
86
45
99
69
27
87
20
33
45
4
52
77
86
28
59
42
51
23
6
65
65
71
61
72
3
56
4
99
56
66
57
57
98
18
91
51
91
2
25
91
33
87
52
77
54
63
74
93
22
68
19
1
56
74
11
15
84
27
67
70
84
21
77
78
46
94
79
69
36
8
51
50
98
15
32
78
20
83
18
39
82
10
77
88
48
57
2
24
7
76
67
65
34
54
8
13
11
73
31
60
84
5
57
15
18
68
2
42
42
33
95
1
9
28
87
74
43
89
31
89
93
55
62
59
41
85
16
44
7
20
67
46
53
58
55
77
53
63
71
79
55
60
81
74
81
66
56
7
66
33
70
22
42
42
66
29
43
98
73
32
53
58
35
22
65
49
48
51
72
11
22
79
18
52
35
34
73
88
78
75
30
9
77
74
50
46
5
12
91
27
35
54
90
40
26
96
25
60
9
32
19
6
34
56
12
90
4
90
7
33
55
54
20
97
2
44
80
61
72
20
45
37
59
46
75
67
88
78
26
38
9
14
80
46
57
25
74
22
62
59
42
14
5
58
71
80
34
92
38
81
16
64
87
89
87
82
46
88
80
45
3
26
64
69
25
42
74
74
41
77
69
59
98
13
77
31
32
1
74
94
33
95
40
44
22
44
26
91
58
75
78
86
41
18
57
17
50
36
34
30
7
60
52
61
12
56
65
75
12
57
50
46
14
85
12
7
85
20
47
81
16
83
17
66
99
83
19
81
55
61
81
96
67
45
88
73
44
79
32
65
78
51
79
2
25
32
72
55
6
51
32
30
89
53
15
24
43
85
62
29
38
84
21
50
76
54
79
69
97
39
62
6
88
81
3
65
4
15
41
67
11
63
76
4
30
52
8
14
30
65
30
59
17
4
28
94
30
30
26
71
53
3
58
67
89
26
42
8
50
50
20
28
45
95
18
74
9
18
20
25
47
65
39
33
9
4
89
84
53
9
35
73
89
70
14
8
6
10
14
5
10
99
64
80
45
2
15
22
85
53
86
13
10
2
25
87
64
25
58
86
36
57
54
41
15
46
39
74
81
10
68
99
4
16
15
48
2
58
87
8
88
67
99
1
23
22
64
88
46
26
44
81
51
27
68
53
45
23
66
99
63
40
41
75
85
87
10
94
87
76
86
6
38
51
97
69
57
54
19
93
82
50
29
55
66
87
48
76
47
61
4
78
92
88
44
49
27
25
16
36
13
69
2
69
40
39
43
1
30
98
96
90
5
73
18
13
11
85
10
97
39
33
47
26
73
8
13
50
7
49
43
33
39
83
80
13
49
60
16
28
45
48
47
48
65
13
74
20
71
32
38
41
15
18
96
79
23
75
95
32
26
93
93
80
56
63
51
21
92
5
64
51
70
82
53
91
85
98
61
61
34
93
79
74
11
2
18
22
86
2
89
73
64
84
2
52
54
66
92
2
62
53
28
66
68
86
71
33
65
6
93
24
15
35
97
32
14
20
69
55
45
30
35
91
15
90
87
86
80
2
37
20
7
60
99
80
66
14
7
25
31
84
56
80
8
66
59
30
86
69
38
35
97
38
56
32
19
36
51
78
99
85
53
64
68
74
18
54
35
18
66
1
13
45
24
60
74
54
83
49
31
57
99
11
63
3
22
69
4
67
62
30
62
29
25
46
32
92
13
33
48
5
94
69
4
37
22
52
14
95
58
64
53
2
47
42
85
42
1
66
52
48
51
68
55
36
38
84
20
78
29
81
42
50
2
26
63
31
8
27
80
70
55
9
10
98
77
61
81
83
60
90
92
47
81
99
54
27
14
67
99
38
33
35
67
76
23
3
1
21
79
54
35
74
85
82
92
43
58
57
59
77
3
37
18
38
89
94
69
2
72
36
18
40
27
43
38
21
41
33
76
74
61
61
4
7
55
19
62
98
7
12
68
57
9
22
36
95
17
29
87
28
34
98
49
44
36
95
47
43
45
72
2
25
80
84
16
42
34
12
83
71
33
70
94
60
67
60
31
6
7
42
4
13
46
48
41
62
12
60
70
60
71
19
54
35
10
44
76
24
7
93
62
6
46
16
94
63
5
88
76
76
64
42
36
3
69
89
78
32
43
54
30
73
41
23
99
14
17
60
50
24
84
7
98
13
80
98
66
31
54
78
58
23
84
94
96
30
83
51
66
21
65
44
81
52
64
88
64
23
17
80
46
44
39
52
91
57
43
23
23
70
23
48
